Best 10 for review(1, 5, 10, 11, 1):
((-60, -40, 3, 4, 1), 1.6)
((-60, -20, 3, 4, 1), 1.6)
((-60, -20, 4, 4, 1), 1.6)
((-60, -40, 4, 4, 1), 1.6)
((-60, -40, 4, 3, 1), 1.6)
((-60, -20, 4, 3, 1), 1.6)
((-60, -60, 4, 4, 1), 1.8)
((-80, -20, 1, 3, 1), 1.8)
((-60, -60, 3, 4, 1), 1.8)
((-60, -60, 4, 3, 1), 1.8)

Best 10 for review(1, 2, 30, 11, 1):
((-80, -60, 1, 3, 1), 1.5)
((-60, -40, 1, 3, 1), 1.5)
((-80, -40, 2, 3, 1), 1.5)
((-60, -20, 2, 3, 1), 1.5)
((-40, -60, 2, 4, 1), 1.5)
((-60, -40, 2, 3, 1), 1.5)
((-60, -20, 1, 3, 1), 1.5)
((-80, -60, 2, 3, 1), 1.5)
((-80, -40, 1, 3, 1), 1.5)
((-80, -60, 2, 2, 1), 2.0)